Batch:
Quantity:
CardCosID:
CardPrefix:
FaceValue:100000
StartDate:
StopDate:
Currency:
ResID1:
Resleft1:
ResID2:
Resleft2:
Start_Sequence:
[BEGIN]
8948042436708 3414973656838
8948042436708 3414973656838
8948042436708 3414973656838
8948042436708 3414973656838
8948042436708 3414973656838
8948042436708 3414973656838
8948042436708 3414973656838
8948042436708 3414973656838
8948042436708 3414973656838
8948042436708 3414973656838
8948042436708 3414973656838
8948042436708 3414973656838
8948042436708 3414973656838
8948042436708 3414973656838
8948042436708 3414973656838
8948042436708 3414973656838
8948042436708 3414973656838
8948042436708 3414973656838
8948042436708 3414973656838
8948042436708 3414973656838
8948042436708 3414973656838
8948042436708 3414973656838
8948042436708 3414973656838
8948042436708 3414973656838
8948042436708 3414973656838
8948042436708 3414973656838
8948042436708 3414973656838
8948042436708 3414973656838
8948042436708 3414973656838
8948042436708 3414973656838
8948042436708 3414973656838
8948042436708 3414973656838
8948042436708 3414973656838
8948042436708 3414973656838
8948042436708 3414973656838
8948042436708 3414973656838
8948042436708 3414973656838
8948042436708 3414973656838
8948042436708 3414973656838
8948042436708 3414973656838
8948042436708 3414973656838
8948042436708 3414973656838
8948042436708 3414973656838
8948042436708 3414973656838
8948042436708 3414973656838
8948042436708 3414973656838
8948042436708 3414973656838
8948042436708 3414973656838
8948042436708 3414973656838
8948042436708 3414973656838
8948042436708 3414973656838
8948042436708 3414973656838
8948042436708 3414973656838
8948042436708 3414973656838
8948042436708 3414973656838
8948042436708 3414973656838
8948042436708 3414973656838
8948042436708 3414973656838
8948042436708 3414973656838
8948042436708 3414973656838
8948042436708 3414973656838
8948042436708 3414973656838
8948042436708 3414973656838
8948042436708 3414973656838
8948042436708 3414973656838
8948042436708 3414973656838
8948042436708 3414973656838
8948042436708 3414973656838
8948042436708 3414973656838
8948042436708 3414973656838
8948042436708 3414973656838
8948042436708 3414973656838
8948042436708 3414973656838
8948042436708 3414973656838
8948042436708 3414973656838
8948042436708 3414973656838
8948042436708 3414973656838
8948042436708 3414973656838
8948042436708 3414973656838
8948042436708 3414973656838
8948042436708 3414973656838
8948042436708 3414973656838
8948042436708 3414973656838
8948042436708 3414973656838
8948042436708 3414973656838
8948042436708 3414973656838
8948042436708 3414973656838
8948042436708 3414973656838
8948042436708 3414973656838
8948042436708 3414973656838
8948042436708 3414973656838
8948042436708 3414973656838
8948042436708 3414973656838
8948042436708 3414973656838
8948042436708 3414973656838
8948042436708 3414973656838
8948042436708 3414973656838
8948042436708 3414973656838
8948042436708 3414973656838
8948042436708 3414973656838
8948042436708 3414973656838
8948042436708 3414973656838
8948042436708 3414973656838
8948042436708 3414973656838
8948042436708 3414973656838
8948042436708 3414973656838
8948042436708 3414973656838
8948042436708 3414973656838
8948042436708 3414973656838
8948042436708 3414973656838
8948042436708 3414973656838
8948042436708 3414973656838
8948042436708 3414973656838
8948042436708 3414973656838
8948042436708 3414973656838
8948042436708 3414973656838
8948042436708 3414973656838
8948042436708 3414973656838
8948042436708 3414973656838
8948042436708 3414973656838
8948042436708 3414973656838
8948042436708 3414973656838
8948042436708 3414973656838
8948042436708 3414973656838
8948042436708 3414973656838
8948042436708 3414973656838
8948042436708 3414973656838
8948042436708 3414973656838
8948042436708 3414973656838
8948042436708 3414973656838
8948042436708 3414973656838
8948042436708 3414973656838
8948042436708 3414973656838
8948042436708 3414973656838
8948042436708 3414973656838
8948042436708 3414973656838
8948042436708 3414973656838
8948042436708 3414973656838
8948042436708 3414973656838
8948042436708 3414973656838
8948042436708 3414973656838
8948042436708 3414973656838
8948042436708 3414973656838
8948042436708 3414973656838
8948042436708 3414973656838
8948042436708 3414973656838
8948042436708 3414973656838
8948042436708 3414973656838
8948042436708 3414973656838
8948042436708 3414973656838
8948042436708 3414973656838
8948042436708 3414973656838
8948042436708 3414973656838
8948042436708 3414973656838
8948042436708 3414973656838
8948042436708 3414973656838
8948042436708 3414973656838
8948042436708 3414973656838
8948042436708 3414973656838
8948042436708 3414973656838
8948042436708 3414973656838
8948042436708 3414973656838
8948042436708 3414973656838
8948042436708 3414973656838
8948042436708 3414973656838
8948042436708 3414973656838
8948042436708 3414973656838
8948042436708 3414973656838
8948042436708 3414973656838
8948042436708 3414973656838
8948042436708 3414973656838
8948042436708 3414973656838
8948042436708 3414973656838
8948042436708 3414973656838
8948042436708 3414973656838
8948042436708 3414973656838
8948042436708 3414973656838
8948042436708 3414973656838
8948042436708 3414973656838
8948042436708 3414973656838
8948042436708 3414973656838
8948042436708 3414973656838
8948042436708 3414973656838
8948042436708 3414973656838
8948042436708 3414973656838
8948042436708 3414973656838
[END]